Day,AccountId,Maximum,Average,AA Total Value,CC Total Value,FF Total Value
6,A39,982.64,329.64,422.17,982.64,0.0
6,A31,748.48,278.47999999999996,0.0,0.0,748.48
6,A34,1255.78,702.902,738.28,0.0,585.08
6,A47,900.67,260.21799999999996,0.0,0.0,900.67
6,A49,848.9,245.522,0.0,0.0,0.0
6,A48,797.19,198.15200000000002,990.76,0.0,0.0
6,A30,1318.98,455.45399999999995,0.0,0.0,822.84
6,A26,1147.9,238.29399999999998,0.0,0.0,452.14
6,A23,1145.6599999999999,468.51199999999994,743.51,0.0,0.0
6,A17,788.24,387.19,1402.8,0.0,0.0
6,A45,1764.16,673.51,0.0,213.21,0.0
6,A37,1952.9599999999998,458.234,0.0,338.21,0.0
6,A6,1610.3600000000001,523.5840000000001,0.0,0.0,0.0
6,A28,920.6600000000001,411.762,0.0,872.4499999999999,265.7
6,A46,1304.79,577.0459999999999,1056.81,0.0,1304.79
6,A44,2369.29,574.2,1451.6299999999999,397.19,139.55
6,A38,1110.26,222.05200000000002,0.0,893.3399999999999,0.0
6,A12,1367.74,594.972,0.0,0.0,438.88
6,A18,1417.95,391.01800000000003,157.28,0.0,0.0
6,A35,2285.59,913.484,826.1,0.0,1189.96
6,A43,2651.61,739.462,1280.19,2032.19,0.0
6,A3,1324.22,547.982,0.0,0.0,0.0
6,A11,2388.34,477.668,1906.46,0.0,0.0
6,A42,1152.46,496.17999999999995,0.0,0.0,174.04
6,A1,977.98,275.36199999999997,0.0,171.19,977.98
6,A24,298.56,59.712,0.0,0.0,0.0
6,A40,1635.5,706.448,1564.9299999999998,0.0,435.5
6,A8,2231.17,446.234,598.28,253.09,323.22
6,A13,1658.8,597.74,0.0,0.0,516.34
6,A4,1217.51,375.4,0.0,659.49,0.0
6,A14,2267.1,833.6299999999999,796.33,890.77,191.18
6,A2,775.37,421.12200000000007,0.0,0.0,0.0
6,A19,14.42,2.884,0.0,0.0,0.0
6,A16,1960.25,719.3520000000001,0.0,353.66,1636.51
6,A41,777.29,432.27,0.0,0.0,181.65
6,A20,877.24,273.496,0.0,0.0,0.0
6,A29,997.18,782.0079999999999,0.0,0.0,1267.02
6,A27,1518.21,371.264,0.0,764.79,753.42
6,A36,730.75,185.674,0.0,709.33,0.0
6,A7,650.23,244.114,0.0,0.0,203.34
6,A15,881.9100000000001,318.406,0.0,0.0,0.0
6,A25,291.76,58.352,291.76,0.0,0.0
6,A9,1498.18,529.592,0.0,0.0,0.0
6,A33,2457.34,638.646,774.8,0.0,1446.81
6,A10,981.51,372.31800000000004,0.0,556.4,0.0
6,A21,1413.0900000000001,532.7860000000001,0.0,492.85,0.0
6,A5,1356.21,642.4639999999999,948.31,919.6,0.0
6,A32,1617.6100000000001,480.362,0.0,433.43,0.0
7,A9,1498.18,529.592,0.0,0.0,0.0
7,A23,1145.6599999999999,385.24,743.51,0.0,0.0
7,A28,920.6600000000001,411.762,0.0,872.4499999999999,265.7
7,A18,1417.95,315.046,157.28,0.0,0.0
7,A46,1243.33,564.754,1881.06,131.6,0.0
7,A20,1964.0700000000002,568.262,0.0,0.0,1964.0700000000002
7,A11,2388.34,477.668,1906.46,0.0,0.0
7,A21,2425.9,846.4,0.0,1311.18,0.0
7,A33,2457.34,576.014,774.8,0.0,1446.81
7,A13,718.0,295.988,0.0,0.0,516.34
7,A4,1701.03,472.104,0.0,1422.35,0.0
7,A24,675.99,194.91000000000003,0.0,0.0,0.0
7,A1,977.98,229.834,0.0,171.19,977.98
7,A22,125.64,25.128,0.0,0.0,125.64
7,A47,900.67,180.134,0.0,0.0,900.67
7,A6,1610.3600000000001,523.5840000000001,0.0,0.0,0.0
7,A15,881.9100000000001,318.406,0.0,0.0,0.0
7,A12,1367.74,639.67,0.0,0.0,438.88
7,A29,997.18,694.11,0.0,0.0,827.53
7,A44,570.64,214.46999999999997,501.71,0.0,0.0
7,A43,1855.9099999999999,580.322,816.13,660.77,0.0
7,A35,1471.06,599.232,714.33,0.0,944.66
7,A45,1764.16,682.2139999999999,0.0,213.21,0.0
7,A40,1635.5,724.728,1564.9299999999998,0.0,0.0
7,A10,747.62,225.464,0.0,132.46,0.0
7,A42,767.11,358.07,0.0,0.0,174.04
7,A38,1110.26,222.05200000000002,0.0,893.3399999999999,0.0
7,A3,1324.22,547.982,0.0,0.0,0.0
7,A27,1518.21,340.45599999999996,166.29,782.5699999999999,753.42
7,A26,1147.9,409.374,0.0,54.12,884.3399999999999
7,A19,612.81,122.56199999999998,0.0,0.0,0.0
7,A7,924.59,298.986,0.0,0.0,203.34
7,A5,948.31,386.726,948.31,736.5,0.0
7,A48,1116.72,382.782,797.19,0.0,0.0
7,A30,1318.98,602.1479999999999,0.0,0.0,822.84
7,A34,1255.78,562.05,0.0,34.02,585.08
7,A49,961.67,268.076,0.0,0.0,0.0
7,A16,874.84,502.024,0.0,0.0,1636.51
7,A8,2231.17,757.8799999999999,598.28,1047.34,343.40000000000003
7,A37,1952.9599999999998,458.234,0.0,338.21,0.0
7,A41,1253.69,646.678,533.87,0.0,0.0
7,A36,738.68,333.40999999999997,0.0,709.33,0.0
7,A2,705.99,391.194,0.0,0.0,0.0
7,A31,1942.53,643.81,252.74,0.0,748.48
7,A32,1617.6100000000001,586.056,0.0,433.43,0.0
7,A39,982.64,329.64,422.17,982.64,0.0
7,A14,2267.1,578.408,796.33,539.61,0.0
7,A17,614.56,229.54199999999997,614.56,0.0,0.0
8,A40,1635.5,597.96,1564.9299999999998,0.0,0.0
8,A36,738.68,333.40999999999997,0.0,709.33,0.0
8,A21,2425.9,943.764,0.0,1311.18,0.0
8,A5,1116.7599999999998,575.818,1100.19,736.5,964.8799999999999
8,A12,1978.85,761.8919999999999,391.18,0.0,759.91
8,A34,1255.78,446.06600000000003,0.0,34.02,5.16
8,A35,810.77,305.02,714.33,0.0,0.0
8,A20,1964.0700000000002,648.698,402.18,0.0,1964.0700000000002
8,A23,647.12,156.108,0.0,0.0,0.0
8,A24,675.99,135.198,0.0,0.0,0.0
8,A30,1318.98,410.49,0.0,0.0,822.84
8,A44,570.64,289.99199999999996,501.71,0.0,0.0
8,A4,1701.03,340.206,0.0,762.86,0.0
8,A17,614.56,122.91199999999999,614.56,0.0,0.0
8,A39,982.64,442.498,422.17,982.64,564.29
8,A10,247.24,75.94,0.0,132.46,0.0
8,A48,1116.72,223.344,0.0,0.0,0.0
8,A16,874.84,502.024,0.0,0.0,1636.51
8,A15,710.12,142.024,0.0,0.0,0.0
8,A32,1617.6100000000001,586.056,0.0,433.43,0.0
8,A6,1610.3600000000001,322.072,0.0,0.0,0.0
8,A3,1324.22,450.62,0.0,0.0,0.0
8,A1,977.98,354.32,0.0,171.19,1600.4099999999999
8,A49,961.67,192.334,0.0,0.0,0.0
8,A14,2267.1,578.408,796.33,539.61,0.0
8,A29,997.18,542.692,0.0,0.0,827.53
8,A33,2457.34,565.736,774.8,0.0,1446.81
8,A25,838.5,167.7,0.0,0.0,0.0
8,A37,1952.9599999999998,390.592,0.0,0.0,0.0
8,A8,1558.23,311.646,0.0,794.25,20.18
8,A9,1498.18,299.63599999999997,0.0,0.0,0.0
8,A18,2532.06,821.458,884.61,0.0,0.0
8,A2,705.99,391.194,0.0,0.0,0.0
8,A27,184.07,36.81399999999999,166.29,17.78,0.0
8,A46,1243.33,354.956,832.07,131.6,0.0
8,A13,611.9,152.388,0.0,0.0,0.0
8,A22,125.64,25.128,0.0,0.0,125.64
8,A38,1110.26,222.05200000000002,0.0,893.3399999999999,0.0
8,A41,1253.69,646.678,533.87,0.0,0.0
8,A7,924.59,362.134,682.74,0.0,203.34
8,A45,1764.16,682.2139999999999,0.0,213.21,0.0
8,A31,1942.53,494.114,252.74,0.0,0.0
8,A26,1147.9,409.374,0.0,54.12,884.3399999999999
8,A19,612.81,122.56199999999998,0.0,0.0,0.0
8,A28,920.6600000000001,290.318,0.0,530.93,0.0
8,A42,461.91,205.552,0.0,0.0,174.04
8,A47,900.67,180.134,0.0,0.0,900.67
8,A43,1855.9099999999999,580.322,816.13,660.77,0.0
9,A37,1952.9599999999998,423.688,0.0,0.0,0.0
9,A23,946.09,318.64200000000005,0.0,0.0,946.09
9,A43,1855.9099999999999,580.322,816.13,660.77,0.0
9,A28,1031.81,390.49399999999997,532.01,159.73,340.07
9,A34,887.8100000000001,372.47200000000004,517.58,34.02,375.39000000000004
9,A40,1635.5,892.4100000000001,1564.9299999999998,958.65,0.0
9,A10,1312.86,338.51200000000006,960.56,132.46,0.0
9,A36,3058.56,905.5980000000001,0.0,2385.46,0.0
9,A14,2267.1,554.894,796.33,539.61,0.0
9,A16,874.84,575.098,0.0,0.0,1645.14
9,A48,1116.72,223.344,0.0,0.0,0.0
9,A26,1147.9,450.654,0.0,54.12,884.3399999999999
9,A4,1701.03,340.206,0.0,762.86,0.0
9,A19,1670.45,456.652,190.74,947.38,0.0
9,A17,1012.1,325.332,614.56,0.0,1012.1
9,A7,924.59,417.832,682.74,0.0,203.34
9,A25,838.5,188.53799999999998,0.0,0.0,0.0
9,A29,888.75,459.26599999999996,0.0,0.0,827.53
9,A3,928.88,185.776,0.0,0.0,0.0
9,A27,184.07,36.81399999999999,166.29,17.78,0.0
9,A24,675.99,135.198,0.0,0.0,0.0
9,A22,995.78,224.284,0.0,0.0,125.64
9,A39,1172.6999999999998,480.51,1070.58,447.67,564.29
9,A32,1617.6100000000001,796.178,0.0,433.43,0.0
9,A38,1207.68,463.588,0.0,893.3399999999999,1207.68
9,A41,1253.69,491.64799999999997,533.87,0.0,0.0
9,A6,1610.3600000000001,322.432,0.0,1.8,0.0
9,A31,1942.53,564.5459999999999,252.74,0.0,0.0
9,A15,1267.59,395.542,766.8599999999999,500.73,0.0
9,A42,894.86,384.524,0.0,0.0,1068.9
9,A47,900.67,180.134,0.0,0.0,900.67
9,A13,1300.3,412.448,0.0,784.17,0.0
9,A45,940.41,337.5679999999999,0.0,0.0,0.0
9,A49,961.67,192.334,0.0,0.0,0.0
9,A8,1558.23,494.70799999999997,0.0,794.25,20.18
9,A18,2532.06,860.148,727.33,0.0,0.0
9,A2,705.99,511.702,0.0,478.62,0.0
9,A21,2425.9,943.764,0.0,1311.18,0.0
9,A46,1243.33,378.076,832.07,131.6,0.0
9,A35,810.77,357.096,714.33,0.0,0.0
9,A30,733.47,146.69400000000002,0.0,0.0,0.0
9,A5,1116.7599999999998,428.5179999999999,1100.19,0.0,964.8799999999999
9,A12,1978.85,755.334,391.18,67.27,1246.47
9,A20,1964.0700000000002,473.25,402.18,0.0,1964.0700000000002
9,A9,1498.18,409.67199999999997,0.0,0.0,0.0
9,A33,2457.34,925.1940000000001,774.8,475.89,1775.55
9,A1,1539.79,662.278,898.64,171.19,1600.4099999999999
9,A44,570.64,189.95199999999997,0.0,0.0,0.0
10,A1,1539.79,466.68199999999996,898.64,171.19,622.43
10,A13,1300.3,398.29999999999995,0.0,784.17,0.0
10,A32,1312.67,472.65599999999995,0.0,0.0,0.0
10,A26,855.4,358.14599999999996,685.36,54.12,432.2
10,A46,1243.33,271.786,824.25,131.6,0.0
10,A31,1942.53,458.938,252.74,0.0,0.0
10,A29,888.75,293.76,0.0,0.0,0.0
10,A34,887.8100000000001,315.04,517.58,34.02,370.23
10,A14,1501.4499999999998,401.764,571.02,0.0,930.43
10,A45,1129.65,375.416,0.0,818.82,0.0
10,A27,184.07,36.81399999999999,166.29,17.78,0.0
10,A17,1012.1,202.42000000000002,0.0,0.0,1012.1
10,A35,798.0999999999999,354.562,714.33,503.21,0.0
10,A39,1172.6999999999998,347.398,648.41,447.67,564.29
10,A41,1253.69,406.19599999999997,533.87,0.0,0.0
10,A30,733.47,146.69400000000002,0.0,0.0,0.0
10,A19,1670.45,456.652,190.74,947.38,0.0
10,A36,3058.56,759.448,0.0,1676.13,0.0
10,A23,946.09,189.21800000000002,0.0,0.0,946.09
10,A25,838.5,188.53799999999998,0.0,0.0,0.0
10,A24,675.99,135.198,0.0,0.0,0.0
10,A5,1707.83,580.4219999999999,151.88,821.64,964.8799999999999
10,A33,1797.29,433.726,0.0,475.89,328.74
10,A21,2425.9,661.146,0.0,818.33,0.0
10,A38,1207.68,241.536,0.0,0.0,1207.68
10,A10,1312.86,312.02,960.56,0.0,0.0
10,A12,1978.85,585.8599999999999,391.18,67.27,1246.47
10,A48,1116.72,360.186,0.0,0.0,0.0
10,A8,1558.23,494.70799999999997,0.0,794.25,20.18
10,A7,924.59,377.164,682.74,0.0,0.0
10,A40,1472.25,565.3100000000001,827.4,958.65,0.0
10,A6,1.8,0.36,0.0,1.8,0.0
10,A44,570.64,189.95199999999997,0.0,0.0,0.0
10,A37,165.48,33.096,0.0,0.0,0.0
10,A15,1267.59,253.51799999999997,766.8599999999999,500.73,0.0
10,A2,625.73,370.50399999999996,0.0,478.62,0.0
10,A47,1334.1599999999999,446.966,537.26,0.0,900.67
10,A4,1701.03,372.962,163.78,762.86,0.0
10,A16,873.61,482.59800000000007,0.0,0.0,1182.6399999999999
10,A20,1964.0700000000002,656.624,402.18,0.0,1964.0700000000002
10,A9,581.97,226.43,0.0,0.0,0.0
10,A18,2532.06,708.952,727.33,0.0,0.0
10,A42,961.68,499.40200000000004,961.68,0.0,1068.9
10,A43,1855.9099999999999,539.904,816.13,843.61,0.0
10,A22,995.78,293.388,345.52,0.0,125.64
10,A28,1031.81,367.87,532.01,159.73,340.07
10,A49,961.67,260.512,0.0,340.89,0.0
11,A7,1122.71,601.706,682.74,0.0,326.39
11,A40,1472.25,399.83000000000004,0.0,958.65,0.0
11,A12,1978.85,585.8599999999999,391.18,67.27,1246.47
11,A10,1312.86,473.73199999999997,960.56,0.0,0.0
11,A45,1129.65,501.142,0.0,818.82,0.0
11,A17,1012.1,202.42000000000002,0.0,0.0,1012.1
11,A14,1501.4499999999998,549.0360000000001,571.02,0.0,930.43
11,A34,887.8100000000001,222.52200000000002,517.58,34.02,561.01
11,A33,1797.29,433.726,0.0,475.89,328.74
11,A41,1253.69,250.738,533.87,0.0,0.0
11,A42,961.68,464.59400000000005,961.68,0.0,894.86
11,A19,1670.45,551.892,190.74,1389.3600000000001,34.22
11,A25,838.5,188.53799999999998,0.0,0.0,0.0
11,A46,1243.33,271.786,824.25,131.6,0.0
11,A32,1312.67,472.65599999999995,0.0,0.0,0.0
11,A39,1172.6999999999998,347.398,648.41,447.67,564.29
11,A35,798.0999999999999,387.964,714.33,503.21,0.0
11,A15,1267.59,253.51799999999997,766.8599999999999,500.73,0.0
11,A22,995.78,293.388,345.52,0.0,125.64
11,A31,1942.53,458.938,252.74,0.0,0.0
11,A23,946.09,189.21800000000002,0.0,0.0,946.09
11,A36,3058.56,759.448,0.0,1676.13,0.0
11,A9,581.97,226.43,0.0,0.0,0.0
11,A13,1300.3,398.29999999999995,0.0,784.17,0.0
11,A6,1.8,0.36,0.0,1.8,0.0
11,A28,1031.81,367.87,532.01,159.73,340.07
11,A26,855.4,358.14599999999996,685.36,54.12,432.2
11,A44,1232.55,436.462,242.44,0.0,990.11
11,A48,1116.72,511.496,0.0,0.0,162.03
11,A16,873.61,496.48600000000005,0.0,284.9,420.96999999999997
11,A24,675.99,135.198,0.0,0.0,0.0
11,A20,1964.0700000000002,704.176,402.18,0.0,1964.0700000000002
11,A49,961.67,260.512,0.0,340.89,0.0
11,A29,983.69,312.748,983.69,0.0,0.0
11,A21,2425.9,682.286,0.0,818.33,0.0
11,A1,1539.79,539.99,898.64,0.0,622.43
11,A37,1650.63,363.222,773.09,877.54,0.0
11,A43,1855.9099999999999,539.904,816.13,843.61,0.0
11,A38,1220.1,485.55600000000004,116.02,0.0,2088.13
11,A2,625.73,287.504,0.0,478.62,0.0
11,A8,1558.23,494.70799999999997,0.0,794.25,20.18
11,A47,1334.1599999999999,266.832,537.26,0.0,0.0
11,A18,2532.06,804.528,727.33,0.0,0.0
11,A4,1701.03,513.442,163.78,762.86,702.4
11,A30,733.47,146.69400000000002,0.0,0.0,0.0
11,A5,1707.83,580.4219999999999,151.88,821.64,964.8799999999999
11,A27,805.4599999999999,197.90599999999998,249.82999999999998,17.78,721.92
12,A44,1232.55,396.03,242.44,368.48,990.11
12,A24,976.95,195.39000000000001,0.0,0.0,976.95
12,A26,685.36,239.542,947.74,0.0,0.0
12,A43,843.61,183.364,0.0,843.61,0.0
12,A9,581.97,226.43,0.0,0.0,0.0
12,A7,1122.71,589.214,682.74,0.0,326.39
12,A34,887.8100000000001,308.244,517.58,0.0,561.01
12,A21,1719.0900000000001,540.924,935.71,783.38,0.0
12,A4,927.5,358.736,163.78,0.0,1629.9
12,A37,1650.63,525.75,773.09,877.54,0.0
12,A2,642.27,290.812,0.0,1120.8899999999999,0.0
12,A15,1267.59,253.51799999999997,766.8599999999999,500.73,0.0
12,A39,1172.6999999999998,357.708,648.41,447.67,564.29
12,A25,838.5,188.53799999999998,0.0,0.0,0.0
12,A32,1080.97,426.316,0.0,216.41,864.56
12,A30,252.14,50.428,0.0,252.14,0.0
12,A3,1406.5,281.3,777.15,629.35,0.0
12,A35,1458.56,536.8100000000001,0.0,1378.69,0.0
12,A29,983.69,312.748,983.69,0.0,0.0
12,A1,1539.79,626.308,898.64,0.0,1054.02
12,A20,916.87,311.362,402.18,0.0,0.0
12,A13,1300.3,541.5340000000001,0.0,784.17,866.21
12,A19,1670.45,429.33000000000004,190.74,1389.3600000000001,34.22
12,A14,1501.4499999999998,549.0360000000001,571.02,0.0,930.43
12,A27,805.4599999999999,237.26799999999997,83.54,0.0,918.0999999999999
12,A33,1797.29,359.45799999999997,0.0,475.89,328.74
12,A10,1312.86,515.736,960.56,457.26,0.0
12,A17,1012.1,312.61,0.0,550.95,1012.1
12,A16,831.11,436.818,0.0,284.9,420.96999999999997
12,A36,3058.56,618.5760000000001,0.0,1676.13,0.0
12,A40,1472.25,294.45,0.0,958.65,0.0
12,A5,1707.83,761.072,151.88,1326.13,964.8799999999999
12,A38,1220.1,576.4440000000001,116.02,0.0,2088.13
12,A42,961.68,372.212,961.68,0.0,894.86
12,A31,1276.99,325.83000000000004,0.0,0.0,0.0
12,A12,1978.85,632.34,391.18,523.16,1246.47
12,A49,340.89,68.178,0.0,340.89,0.0
12,A41,457.62,91.524,0.0,120.49,0.0
12,A48,756.55,288.152,0.0,0.0,162.03
12,A6,1.8,0.36,0.0,1.8,0.0
12,A28,1559.6999999999998,679.81,532.01,159.73,1118.96
12,A45,1129.65,545.24,0.0,818.82,0.0
12,A18,2532.06,984.9680000000001,1104.42,0.0,0.0
12,A47,1334.1599999999999,266.832,537.26,0.0,0.0
12,A23,1530.29,495.27600000000007,1272.67,0.0,946.09
12,A22,995.78,268.26,345.52,0.0,0.0
12,A46,1039.81,231.08200000000002,0.0,71.58,0.0
12,A8,915.31,183.062,0.0,0.0,0.0
13,A31,1491.3000000000002,624.09,0.0,419.07,0.0
13,A22,995.78,457.426,345.52,0.0,0.0
13,A2,642.27,398.13,0.0,1120.8899999999999,536.59
13,A14,1501.4499999999998,739.4100000000001,571.02,0.0,930.43
13,A3,1406.5,281.3,777.15,629.35,0.0
13,A13,1300.3,575.3660000000001,0.0,784.17,866.21
13,A36,3058.56,634.4240000000001,0.0,1676.13,0.0
13,A1,1539.79,501.82199999999995,898.64,0.0,431.59
13,A28,1559.6999999999998,679.81,532.01,159.73,1118.96
13,A18,1851.1399999999999,848.7840000000001,1350.55,877.68,0.0
13,A21,1719.0900000000001,532.9459999999999,935.71,783.38,0.0
13,A4,927.5,358.736,163.78,0.0,1629.9
13,A32,1080.97,521.77,458.25,235.43,864.56
13,A37,1650.63,525.75,773.09,877.54,0.0
13,A39,1172.6999999999998,244.85,648.41,447.67,0.0
13,A46,1039.81,287.44800000000004,281.83,71.58,0.0
13,A29,983.69,417.05999999999995,983.69,0.0,0.0
13,A8,1196.8899999999999,422.44000000000005,0.0,0.0,508.23
13,A10,1312.86,657.284,1668.3,457.26,0.0
13,A30,510.59,152.546,0.0,252.14,510.59
13,A35,1458.56,660.2040000000001,0.0,1378.69,0.0
13,A38,1220.1,590.6320000000001,116.02,0.0,2088.13
13,A49,340.89,130.82999999999998,0.0,340.89,0.0
13,A20,916.87,230.926,0.0,0.0,0.0
13,A23,1530.29,495.27600000000007,1272.67,0.0,946.09
13,A6,1690.65,338.49,0.0,859.42,178.29
13,A34,887.8100000000001,308.244,517.58,0.0,561.01
13,A26,685.36,338.366,947.74,0.0,0.0
13,A5,1707.83,810.846,0.0,1326.13,0.0
13,A7,1122.71,466.91200000000003,0.0,0.0,326.39
13,A19,1670.45,429.33000000000004,190.74,1389.3600000000001,34.22
13,A17,1012.1,312.61,0.0,550.95,1012.1
13,A25,104.19,20.838,0.0,0.0,0.0
13,A33,1797.29,359.45799999999997,0.0,475.89,328.74
13,A45,1129.65,627.368,0.0,818.82,0.0
13,A27,805.4599999999999,237.26799999999997,83.54,0.0,918.0999999999999
13,A41,457.62,91.524,0.0,120.49,0.0
13,A24,976.95,195.39000000000001,0.0,0.0,976.95
13,A42,961.68,371.308,961.68,0.0,894.86
13,A9,581.97,226.43,0.0,0.0,0.0
13,A47,1334.1599999999999,266.832,537.26,0.0,0.0
13,A12,553.83,236.57,0.0,523.16,486.56
13,A48,756.55,288.152,0.0,0.0,162.03
13,A44,1232.55,320.508,242.44,368.48,990.11
13,A43,843.61,313.27,0.0,843.61,0.0
13,A15,1267.59,253.51799999999997,766.8599999999999,500.73,0.0
13,A16,831.11,473.99399999999997,0.0,284.9,420.96999999999997
13,A40,1472.25,380.166,0.0,1380.7,0.0
14,A29,983.69,308.89799999999997,983.69,39.24,0.0
14,A20,916.87,230.926,0.0,0.0,0.0
14,A26,685.36,288.372,947.74,0.0,0.0
14,A7,1122.71,411.21399999999994,0.0,0.0,326.39
14,A30,510.59,152.546,0.0,252.14,510.59
14,A46,1039.81,264.32800000000003,281.83,71.58,0.0
14,A18,1851.1399999999999,778.6379999999999,1350.55,877.68,0.0
14,A31,1491.3000000000002,706.394,763.68,419.07,0.0
14,A42,1009.3199999999999,394.2,999.8599999999999,971.14,0.0
14,A32,1080.97,311.6479999999999,458.25,235.43,864.56
14,A23,1530.29,462.152,1272.67,0.0,0.0
14,A48,756.55,288.152,0.0,0.0,162.03
14,A49,652.76,261.38199999999995,0.0,340.89,652.76
14,A41,859.51,263.426,0.0,120.49,0.0
14,A44,1232.55,320.206,242.44,368.48,990.11
14,A21,1719.0900000000001,532.9459999999999,935.71,783.38,0.0
14,A36,311.25,84.962,0.0,0.0,0.0
14,A8,1196.8899999999999,287.404,0.0,0.0,508.23
14,A5,1707.83,810.846,0.0,1326.13,0.0
14,A17,550.95,110.19000000000001,0.0,550.95,0.0
14,A2,642.27,277.622,0.0,642.27,536.59
14,A22,945.83,258.27,345.52,0.0,0.0
14,A39,658.47,142.00400000000002,0.0,0.0,0.0
14,A34,462.63,130.682,0.0,0.0,190.78
14,A28,1559.6999999999998,654.2819999999999,0.0,0.0,778.89
14,A12,959.1,317.624,959.1,455.89,0.0
14,A4,927.5,430.86,163.78,0.0,1629.9
14,A3,1406.5,431.096,777.15,629.35,0.0
14,A27,805.4599999999999,237.26799999999997,83.54,0.0,918.0999999999999
14,A40,428.58,85.716,0.0,422.05,0.0
14,A37,1650.63,492.654,773.09,877.54,0.0
14,A16,831.11,400.91999999999996,0.0,284.9,412.34
14,A19,476.20000000000005,107.256,0.0,441.98,34.22
14,A1,537.73,193.864,0.0,0.0,431.59
14,A47,1334.1599999999999,454.858,537.26,0.0,0.0
14,A24,976.95,195.39000000000001,0.0,0.0,976.95
14,A43,843.61,371.894,0.0,843.61,0.0
14,A13,866.21,315.30600000000004,0.0,0.0,866.21
14,A35,1458.56,706.312,0.0,1378.69,0.0
14,A14,1501.4499999999998,637.9359999999999,571.02,0.0,930.43
14,A38,1220.1,349.096,116.02,0.0,880.45
14,A6,1690.65,364.682,0.0,857.62,178.29
14,A15,280.93,56.186,280.93,0.0,0.0
14,A10,808.56,394.712,707.74,457.26,0.0
14,A45,1129.65,619.1820000000001,0.0,818.82,0.0
14,A9,581.97,116.394,0.0,0.0,0.0
15,A12,959.1,282.998,959.1,455.89,0.0
15,A23,1530.29,462.152,1272.67,0.0,0.0
15,A20,237.76,47.552,0.0,0.0,0.0
15,A35,1458.56,782.4359999999999,0.0,1653.62,0.0
15,A34,462.63,130.682,0.0,0.0,190.78
15,A1,562.36,306.336,0.0,562.36,431.59
15,A29,999.67,508.832,983.69,39.24,999.67
15,A6,1690.65,514.138,0.0,857.62,178.29
15,A48,756.55,151.31,0.0,0.0,162.03
15,A8,1196.8899999999999,287.404,0.0,0.0,508.23
15,A45,926.99,527.11,0.0,0.0,0.0
15,A21,1719.0900000000001,532.9459999999999,935.71,783.38,0.0
15,A39,658.47,142.00400000000002,0.0,0.0,0.0
15,A7,1122.71,596.9079999999999,0.0,0.0,326.39
15,A41,859.51,268.64799999999997,0.0,120.49,26.11
15,A27,805.4599999999999,237.26799999999997,83.54,0.0,918.0999999999999
15,A22,945.83,189.166,0.0,0.0,0.0
15,A3,1406.5,431.096,777.15,629.35,0.0
15,A32,1080.97,311.6479999999999,458.25,235.43,864.56
15,A19,476.20000000000005,107.256,0.0,441.98,34.22
15,A18,1851.1399999999999,763.1179999999999,1350.55,877.68,0.0
15,A9,806.7,161.34,0.0,0.0,0.0
15,A4,927.5,398.10400000000004,0.0,0.0,1629.9
15,A46,1039.81,264.32800000000003,281.83,71.58,0.0
15,A11,733.1,146.62,733.1,0.0,0.0
15,A30,510.59,152.546,0.0,252.14,510.59
15,A5,1365.63,564.012,0.0,504.49,0.0
15,A10,966.73,588.058,707.74,457.26,0.0
15,A15,280.93,56.186,280.93,0.0,0.0
15,A40,428.58,85.716,0.0,422.05,0.0
15,A24,976.95,323.69000000000005,0.0,0.0,976.95
15,A16,831.11,318.452,0.0,284.9,0.0
15,A28,1559.6999999999998,492.77399999999994,0.0,0.0,778.89
15,A26,494.12,151.3,262.38,0.0,0.0
15,A37,1650.63,492.654,773.09,877.54,0.0
15,A14,951.87,354.14199999999994,0.0,0.0,82.48
15,A47,940.13,188.026,0.0,0.0,0.0
15,A2,642.27,304.134,0.0,642.27,669.1500000000001
15,A36,718.85,228.73200000000003,0.0,0.0,718.85
15,A42,1009.3199999999999,201.864,38.18,971.14,0.0
15,A38,1220.1,505.244,896.76,0.0,880.45
15,A31,2040.43,1114.48,1410.4299999999998,882.01,0.0
15,A17,550.95,110.19000000000001,0.0,550.95,0.0
15,A44,1232.55,535.9580000000001,242.44,368.48,1614.8200000000002
15,A49,652.76,193.204,0.0,0.0,652.76
15,A43,1540.8899999999999,511.35,0.0,0.0,663.92
15,A13,866.21,207.074,0.0,0.0,866.21
16,A40,428.58,85.716,0.0,422.05,0.0
16,A32,1080.97,311.6479999999999,458.25,235.43,864.56
16,A13,866.21,207.074,0.0,0.0,866.21
16,A9,806.7,298.07399999999996,0.0,0.0,683.67
16,A17,550.95,110.19000000000001,0.0,550.95,0.0
16,A46,1039.81,264.32800000000003,281.83,71.58,0.0
16,A35,1458.56,749.0339999999999,0.0,1653.62,0.0
16,A4,927.5,257.624,0.0,0.0,927.5
16,A31,2040.43,1114.48,1410.4299999999998,882.01,0.0
16,A34,462.63,92.526,0.0,0.0,0.0
16,A19,60.08,12.016,0.0,0.0,0.0
16,A25,712.37,142.474,0.0,0.0,0.0
16,A5,1365.63,564.012,0.0,504.49,0.0
16,A23,1530.29,588.554,1272.67,0.0,0.0
16,A36,718.85,229.04000000000002,0.0,0.0,718.85
16,A6,1690.65,514.138,0.0,857.62,178.29
16,A3,1406.5,431.096,777.15,629.35,0.0
16,A47,940.13,203.018,0.0,74.96,0.0
16,A14,951.87,206.87,0.0,0.0,82.48
16,A29,999.67,312.094,0.0,39.24,999.67
16,A21,1719.0900000000001,511.806,935.71,783.38,0.0
16,A41,859.51,268.64799999999997,0.0,120.49,26.11
16,A7,928.47,372.366,0.0,0.0,0.0
16,A30,510.59,152.546,0.0,252.14,510.59
16,A37,812.64,162.528,0.0,0.0,0.0
16,A15,848.32,225.85000000000002,280.93,0.0,0.0
16,A44,1078.76,316.71799999999996,0.0,368.48,624.71
16,A10,966.73,426.346,707.74,457.26,0.0
16,A43,1540.8899999999999,511.35,0.0,0.0,663.92
16,A27,517.09,179.594,0.0,0.0,196.18
16,A1,562.36,198.79000000000002,0.0,562.36,431.59
16,A2,642.27,262.284,0.0,642.27,669.1500000000001
16,A24,976.95,323.69000000000005,0.0,0.0,976.95
16,A28,1559.6999999999998,492.77399999999994,0.0,0.0,778.89
16,A49,652.76,247.73600000000002,0.0,0.0,652.76
16,A45,926.99,414.87,67.43,0.0,0.0
16,A18,1851.1399999999999,667.5419999999999,1350.55,877.68,0.0
16,A38,1154.4299999999998,492.11000000000007,780.74,0.0,0.0
16,A11,733.1,146.62,733.1,0.0,0.0
16,A26,494.12,195.848,262.38,0.0,0.0
16,A39,658.47,142.00400000000002,0.0,0.0,0.0
16,A42,1009.3199999999999,297.924,38.18,971.14,480.3
16,A8,1196.8899999999999,287.404,0.0,0.0,508.23
16,A16,575.27,152.23000000000002,0.0,0.0,0.0
16,A12,959.1,282.998,959.1,455.89,0.0
16,A22,945.83,189.166,0.0,0.0,0.0
17,A10,966.73,497.956,707.74,0.0,815.31
17,A3,748.98,149.796,0.0,0.0,0.0
17,A14,951.87,209.042,0.0,0.0,82.48
17,A42,1009.3199999999999,297.924,38.18,971.14,480.3
17,A4,360.62,72.124,0.0,0.0,0.0
17,A1,562.36,112.47200000000001,0.0,562.36,0.0
17,A27,517.09,103.418,0.0,0.0,0.0
17,A15,848.32,225.85000000000002,280.93,0.0,0.0
17,A2,536.59,133.83,0.0,0.0,669.1500000000001
17,A24,641.5,161.978,168.39,0.0,0.0
17,A12,959.1,191.82,959.1,0.0,0.0
17,A19,701.03,152.22199999999998,0.0,0.0,0.0
17,A13,338.93,101.618,338.93,0.0,0.0
17,A23,780.47,282.496,0.0,0.0,0.0
17,A39,658.47,131.69400000000002,0.0,0.0,0.0
17,A29,999.67,419.71000000000004,0.0,39.24,999.67
17,A46,281.83,56.366,281.83,0.0,0.0
17,A47,940.13,203.018,0.0,74.96,0.0
17,A11,733.1,146.62,733.1,0.0,0.0
17,A44,1078.76,243.02200000000002,0.0,0.0,624.71
17,A28,904.17,180.834,0.0,0.0,0.0
17,A41,859.51,177.124,0.0,0.0,26.11
17,A38,1154.4299999999998,401.22200000000004,780.74,0.0,0.0
17,A40,428.58,85.716,0.0,422.05,0.0
17,A35,1178.72,584.76,0.0,778.14,0.0
17,A6,1690.65,514.138,0.0,857.62,178.29
17,A25,712.37,142.474,0.0,0.0,0.0
17,A21,839.94,167.988,0.0,0.0,0.0
17,A22,945.83,189.166,0.0,0.0,0.0
17,A45,669.29,229.47199999999998,67.43,0.0,0.0
17,A7,928.47,199.94,0.0,0.0,0.0
17,A49,652.76,247.73600000000002,0.0,0.0,652.76
17,A26,494.12,143.372,0.0,0.0,0.0
17,A32,477.27,95.45400000000001,458.25,19.02,0.0
17,A8,1196.8899999999999,287.404,0.0,0.0,508.23
17,A43,1540.8899999999999,496.70799999999997,0.0,0.0,663.92
17,A5,1365.63,367.85799999999995,0.0,0.0,0.0
17,A30,510.59,102.118,0.0,0.0,510.59
17,A16,1002.7,237.716,0.0,1002.7,0.0
17,A31,2040.43,859.082,1410.4299999999998,882.01,0.0
17,A9,930.61,484.19599999999997,0.0,0.0,683.67
17,A18,1851.1399999999999,487.10200000000003,973.46,877.68,0.0
17,A36,718.85,297.578,0.0,377.01,718.85
18,A28,904.17,180.834,0.0,0.0,0.0
18,A12,983.51,388.522,1942.6100000000001,0.0,0.0
18,A38,1154.4299999999998,387.03400000000005,780.74,0.0,0.0
18,A2,132.56,26.512,0.0,0.0,132.56
18,A13,591.11,186.008,338.93,0.0,0.0
18,A6,747.28,176.008,0.0,0.0,0.0
18,A8,524.83,152.99200000000002,0.0,0.0,0.0
18,A3,748.98,149.796,0.0,0.0,0.0
18,A25,712.37,142.474,0.0,0.0,0.0
18,A24,641.5,279.53200000000004,168.39,0.0,0.0
18,A47,940.13,292.902,449.42,74.96,0.0
18,A31,2040.43,560.822,1410.4299999999998,462.94,0.0
18,A36,718.85,425.298,0.0,377.01,718.85
18,A45,669.29,193.87599999999998,67.43,0.0,0.0
18,A39,938.26,319.346,938.26,0.0,0.0
18,A44,1078.76,243.02200000000002,0.0,0.0,624.71
18,A7,928.47,185.694,0.0,0.0,0.0
18,A18,584.37,116.874,0.0,0.0,0.0
18,A5,473.66,94.732,0.0,0.0,0.0
18,A16,1002.7,361.048,0.0,1805.24,0.0
18,A4,360.62,72.124,0.0,0.0,0.0
18,A15,848.32,249.948,328.54,0.0,0.0
18,A30,1380.77,276.154,0.0,0.0,0.0
18,A33,631.03,126.20599999999999,0.0,0.0,0.0
18,A20,803.1,160.62,0.0,0.0,803.1
18,A14,82.48,18.668000000000003,0.0,0.0,82.48
18,A19,701.03,152.22199999999998,0.0,0.0,0.0
18,A35,1178.72,689.01,0.0,778.14,0.0
18,A41,859.51,177.124,0.0,0.0,26.11
18,A10,966.73,356.408,0.0,0.0,815.31
18,A29,999.67,315.398,0.0,39.24,999.67
18,A23,780.47,282.496,0.0,0.0,0.0
18,A43,1540.8899999999999,366.802,0.0,0.0,663.92
18,A27,517.09,103.418,0.0,0.0,0.0
18,A1,562.36,112.47200000000001,0.0,562.36,0.0
18,A9,981.74,680.544,0.0,0.0,683.67
18,A34,513.9,102.78,0.0,513.9,0.0
18,A49,652.76,185.084,0.0,0.0,652.76
18,A11,733.1,285.526,733.1,0.0,0.0
18,A42,1009.3199999999999,297.924,38.18,971.14,480.3
18,A26,711.6700000000001,186.882,0.0,0.0,0.0
18,A40,912.76,182.552,912.76,0.0,0.0
19,A36,718.85,363.048,0.0,377.01,718.85
19,A3,179.37,35.874,0.0,0.0,0.0
19,A41,26.11,5.2219999999999995,0.0,0.0,26.11
19,A39,938.26,187.652,938.26,0.0,0.0
19,A13,591.11,279.18,338.93,0.0,465.86
19,A49,272.66,54.532000000000004,0.0,0.0,0.0
19,A33,631.03,126.20599999999999,0.0,0.0,0.0
19,A44,1078.76,243.02200000000002,0.0,0.0,624.71
19,A15,848.32,194.442,47.61,0.0,0.0
19,A42,480.3,96.06,0.0,0.0,480.3
19,A9,981.74,823.644,0.0,715.5,683.67
19,A20,803.1,227.95,0.0,296.89,842.86
19,A38,1154.4299999999998,387.03400000000005,780.74,0.0,0.0
19,A29,999.67,464.41200000000003,0.0,0.0,999.67
19,A23,632.01,126.402,0.0,0.0,0.0
19,A47,449.42,104.876,449.42,74.96,0.0
19,A5,605.31,215.79399999999998,0.0,605.31,0.0
19,A30,1380.77,276.154,0.0,0.0,0.0
19,A26,711.6700000000001,189.52,13.19,0.0,0.0
19,A45,669.29,193.87599999999998,67.43,0.0,0.0
19,A27,517.09,103.418,0.0,0.0,0.0
19,A10,1053.38,567.0840000000001,156.77,387.74,1324.1799999999998
19,A16,1002.7,361.048,0.0,1805.24,0.0
19,A12,983.51,196.702,983.51,0.0,0.0
19,A43,1540.8899999999999,308.178,0.0,0.0,663.92
19,A40,990.99,380.75,1903.75,0.0,0.0
19,A14,503.58,119.384,0.0,0.0,82.48
19,A34,983.24,299.428,0.0,1497.1399999999999,0.0
19,A31,2040.43,483.838,646.75,462.94,0.0
19,A18,584.37,207.04,0.0,0.0,0.0
19,A19,701.03,140.206,0.0,0.0,0.0
19,A35,1178.72,590.826,0.0,778.14,0.0
19,A11,733.1,285.526,733.1,0.0,0.0
19,A25,712.37,142.474,0.0,0.0,0.0
19,A1,1584.27,429.326,0.0,562.36,0.0
19,A2,132.56,26.512,0.0,0.0,132.56
19,A6,747.28,149.45600000000002,0.0,0.0,0.0
19,A7,928.47,202.35199999999998,0.0,83.29,0.0
19,A8,524.83,104.96600000000001,0.0,0.0,0.0
19,A24,641.5,279.53200000000004,168.39,0.0,0.0
20,A44,136.35,27.27,0.0,0.0,0.0
20,A42,480.3,96.06,0.0,0.0,480.3
20,A12,983.51,196.702,983.51,0.0,0.0
20,A49,907.87,236.10600000000002,0.0,907.87,0.0
20,A24,587.77,151.232,168.39,0.0,0.0
20,A11,694.53,142.078,0.0,15.86,0.0
20,A4,388.94,77.788,0.0,0.0,0.0
20,A16,1002.7,361.048,0.0,1805.24,0.0
20,A15,848.32,194.442,47.61,0.0,0.0
20,A31,378.76,75.752,0.0,0.0,0.0
20,A1,1584.27,430.65,0.0,0.0,0.0
20,A14,503.58,102.88799999999999,0.0,0.0,0.0
20,A20,803.1,227.95,0.0,296.89,842.86
20,A30,1380.77,365.494,0.0,0.0,0.0
20,A47,449.42,132.838,449.42,74.96,0.0
20,A38,1154.4299999999998,352.966,0.0,0.0,0.0
20,A5,605.31,121.06199999999998,0.0,605.31,0.0
20,A17,754.54,150.908,0.0,0.0,0.0
20,A22,992.15,198.43,0.0,992.15,0.0
20,A26,711.6700000000001,189.52,13.19,0.0,0.0
20,A8,524.83,104.96600000000001,0.0,0.0,0.0
20,A36,717.84,257.35200000000003,0.0,377.01,0.0
20,A33,631.03,126.20599999999999,0.0,0.0,0.0
20,A45,232.66,72.264,67.43,0.0,0.0
20,A13,591.11,279.18,338.93,0.0,465.86
20,A23,727.98,271.998,0.0,0.0,0.0
20,A25,732.68,289.01,0.0,0.0,0.0
20,A3,179.37,35.874,0.0,0.0,0.0
20,A18,1546.6399999999999,399.494,0.0,0.0,0.0
20,A9,981.74,662.304,0.0,715.5,683.67
20,A28,306.6,61.32000000000001,0.0,0.0,0.0
20,A29,784.31,264.478,0.0,0.0,0.0
20,A34,983.24,299.428,0.0,1497.1399999999999,0.0
20,A39,938.26,187.652,938.26,0.0,0.0
20,A7,83.29,16.658,0.0,83.29,0.0
20,A10,1053.38,377.54,156.77,387.74,1324.1799999999998
20,A35,1138.22,355.082,0.0,0.0,0.0
20,A27,517.09,103.418,0.0,0.0,0.0
20,A19,863.7,312.946,0.0,0.0,863.7
20,A40,990.99,380.75,1903.75,0.0,0.0
21,A4,406.49,159.086,142.7,0.0,0.0
21,A29,1144.55,493.38800000000003,0.0,596.66,0.0
21,A35,1138.22,406.19599999999997,0.0,0.0,0.0
21,A47,544.4,226.726,993.8199999999999,0.0,0.0
21,A13,1692.08,617.596,338.93,0.0,465.86
21,A49,907.87,181.574,0.0,907.87,0.0
21,A40,990.99,572.616,1903.75,0.0,0.0
21,A7,1074.8400000000001,231.626,0.0,83.29,647.97
21,A9,981.74,664.542,157.74,898.77,0.0
21,A2,758.43,151.68599999999998,0.0,0.0,0.0
21,A46,842.19,168.438,0.0,220.8,0.0
21,A17,754.54,150.908,0.0,0.0,0.0
21,A26,711.6700000000001,263.41200000000003,13.19,0.0,0.0
21,A45,232.66,71.184,0.0,62.03,0.0
21,A22,1602.51,518.932,0.0,1979.19,0.0
21,A28,306.6,61.32000000000001,0.0,0.0,0.0
21,A14,1960.04,494.896,426.47,0.0,0.0
21,A12,983.51,196.702,983.51,0.0,0.0
21,A18,1546.6399999999999,538.524,0.0,695.15,0.0
21,A31,378.76,107.822,0.0,0.0,0.0
21,A38,610.4,122.08,0.0,0.0,0.0
21,A34,983.24,302.398,0.0,1511.9899999999998,0.0
21,A24,895.78,330.38800000000003,168.39,895.78,0.0
21,A8,711.47,247.26000000000002,711.47,0.0,0.0
21,A11,694.53,242.914,0.0,15.86,0.0
21,A10,1053.38,377.54,156.77,387.74,1324.1799999999998
21,A25,732.68,204.284,0.0,0.0,288.74
21,A1,1584.27,623.954,0.0,0.0,0.0
21,A19,863.7,312.946,0.0,0.0,863.7
21,A30,1380.77,365.494,0.0,0.0,0.0
21,A5,605.31,205.682,128.16,605.31,0.0
21,A16,1002.7,361.048,0.0,1805.24,0.0
21,A44,132.83,26.566000000000003,0.0,132.83,0.0
21,A15,120.49,24.778,47.61,0.0,0.0
21,A39,1226.19,432.89,938.26,293.89,0.0
21,A23,2281.24,601.844,0.0,909.93,372.31
21,A33,631.03,126.20599999999999,0.0,0.0,0.0
21,A36,717.84,289.24600000000004,0.0,377.01,0.0
21,A3,179.37,35.874,0.0,0.0,0.0
21,A20,803.1,227.95,0.0,296.89,842.86
22,A2,758.43,151.68599999999998,0.0,0.0,0.0
22,A25,732.68,329.554,626.35,0.0,288.74
22,A20,803.1,227.95,0.0,296.89,842.86
22,A36,717.84,213.844,0.0,0.0,0.0
22,A44,1177.49,262.064,0.0,1310.3200000000002,0.0
22,A27,158.61,31.722,0.0,158.61,0.0
22,A43,193.25,38.65,0.0,0.0,0.0
22,A7,1074.8400000000001,383.59400000000005,0.0,83.29,647.97
22,A14,1960.04,554.094,426.47,0.0,0.0
22,A40,990.99,706.568,2573.51,0.0,0.0
22,A34,983.24,302.398,0.0,1511.9899999999998,0.0
22,A4,406.49,159.086,142.7,0.0,0.0
22,A3,899.49,215.772,0.0,0.0,0.0
22,A26,711.6700000000001,263.41200000000003,13.19,0.0,0.0
22,A12,983.51,196.702,983.51,0.0,0.0
22,A38,610.4,122.08,0.0,0.0,0.0
22,A30,1380.77,365.494,0.0,0.0,0.0
22,A23,2281.24,736.292,0.0,909.93,372.31
22,A10,1053.38,214.478,156.77,387.74,508.87
22,A35,1138.22,278.758,0.0,0.0,0.0
22,A29,1144.55,430.10999999999996,0.0,596.66,0.0
22,A5,605.31,294.46,128.16,1049.1999999999998,0.0
22,A46,842.19,168.438,0.0,220.8,0.0
22,A18,1546.6399999999999,538.524,0.0,695.15,0.0
22,A39,1226.19,432.89,938.26,293.89,0.0
22,A11,694.53,242.914,0.0,15.86,0.0
22,A47,544.4,226.726,993.8199999999999,0.0,0.0
22,A16,802.54,160.50799999999998,0.0,802.54,0.0
22,A13,1692.08,549.81,0.0,0.0,465.86
22,A15,525.89,129.956,47.61,525.89,0.0
22,A28,306.6,61.32000000000001,0.0,0.0,0.0
22,A22,1602.51,518.932,0.0,1979.19,0.0
22,A19,863.7,335.78000000000003,0.0,0.0,863.7
22,A9,981.74,641.924,975.26,898.77,0.0
22,A48,371.13,74.226,0.0,0.0,371.13
22,A45,232.66,71.184,0.0,62.03,0.0
22,A17,754.54,225.478,0.0,0.0,0.0
22,A24,895.78,296.71000000000004,0.0,895.78,0.0
22,A8,711.47,247.26000000000002,711.47,0.0,0.0
22,A33,631.03,126.20599999999999,0.0,0.0,0.0
22,A1,1584.27,761.252,0.0,0.0,321.8
22,A49,907.87,181.574,0.0,907.87,0.0
22,A31,378.76,107.822,0.0,0.0,0.0
23,A45,62.03,24.652,0.0,62.03,0.0
23,A23,2281.24,736.292,0.0,909.93,372.31
23,A46,842.19,252.088,418.25,220.8,0.0
23,A2,758.43,277.10799999999995,0.0,0.0,627.11
23,A14,1960.04,630.5600000000001,426.47,382.33,0.0
23,A10,1053.38,214.478,156.77,387.74,508.87
23,A49,907.87,181.574,0.0,907.87,0.0
23,A38,934.23,308.926,0.0,0.0,0.0
23,A17,754.54,225.478,0.0,0.0,0.0
23,A11,504.17999999999995,104.008,0.0,15.86,0.0
23,A33,980.05,196.01,0.0,0.0,980.05
23,A22,1602.51,716.8760000000001,0.0,1979.19,0.0
23,A25,732.68,329.554,626.35,0.0,288.74
23,A36,598.32,189.94,0.0,0.0,0.0
23,A15,525.89,105.858,0.0,525.89,0.0
23,A47,544.4,136.84199999999998,544.4,0.0,0.0
23,A13,1692.08,431.58799999999997,0.0,0.0,465.86
23,A30,620.17,213.37400000000002,195.72,0.0,0.0
23,A27,158.61,31.722,0.0,158.61,0.0
23,A3,899.49,255.692,0.0,0.0,0.0
23,A9,817.52,445.576,975.26,898.77,0.0
23,A44,1177.49,362.99,504.63,1310.3200000000002,0.0
23,A28,306.6,61.32000000000001,0.0,0.0,0.0
23,A21,355.28,71.056,0.0,0.0,0.0
23,A43,193.25,38.65,0.0,0.0,0.0
23,A18,1546.6399999999999,586.038,0.0,932.72,0.0
23,A40,990.99,524.0160000000001,1660.75,0.0,0.0
23,A4,406.49,202.00600000000003,142.7,0.0,0.0
23,A19,863.7,335.78000000000003,0.0,0.0,863.7
23,A48,510.68,176.362,0.0,0.0,371.13
23,A31,378.76,107.822,0.0,0.0,0.0
23,A20,336.65,67.33,0.0,296.89,39.76
23,A34,983.24,199.618,0.0,998.09,0.0
23,A35,255.57,51.114,0.0,0.0,0.0
23,A5,605.31,294.46,128.16,1049.1999999999998,0.0
23,A24,895.78,320.44,0.0,895.78,631.91
23,A29,1144.55,618.694,0.0,596.66,942.92
23,A26,592.2,121.078,13.19,0.0,0.0
23,A1,1584.27,901.3699999999999,0.0,663.04,359.35
23,A41,330.32,66.064,0.0,0.0,0.0
23,A39,1226.19,358.06399999999996,0.0,293.89,0.0
23,A8,711.47,246.342,711.47,0.0,0.0
23,A7,1074.8400000000001,383.59400000000005,0.0,83.29,647.97
24,A26,682.15,254.87,0.0,0.0,0.0
24,A35,255.57,51.114,0.0,0.0,0.0
24,A7,1074.8400000000001,366.93600000000004,0.0,0.0,647.97
24,A15,525.89,105.178,0.0,525.89,0.0
24,A39,1226.19,589.188,0.0,1126.71,322.8
24,A38,934.23,421.428,0.0,55.4,0.0
24,A47,544.4,136.84199999999998,544.4,0.0,0.0
24,A24,895.78,320.44,0.0,895.78,631.91
24,A10,2044.0700000000002,412.616,577.76,129.08,0.0
24,A18,1546.6399999999999,658.028,554.78,932.72,183.53
24,A11,504.17999999999995,104.008,0.0,15.86,0.0
24,A6,683.55,136.70999999999998,0.0,0.0,0.0
24,A29,1144.55,516.56,0.0,596.66,942.92
24,A22,1602.51,984.2600000000002,0.0,2829.51,0.0
24,A45,62.03,24.652,0.0,62.03,0.0
24,A19,863.7,335.78000000000003,0.0,0.0,863.7
24,A48,510.68,205.582,0.0,0.0,517.23
24,A1,966.52,615.018,152.51,663.04,359.35
24,A9,817.52,405.396,975.26,183.27,0.0
24,A27,786.72,189.066,0.0,945.33,0.0
24,A17,1506.67,526.8119999999999,0.0,0.0,846.92
24,A28,1067.22,274.764,145.5,0.0,915.79
24,A34,14.85,2.9699999999999998,0.0,14.85,0.0
24,A44,1177.49,362.99,504.63,1310.3200000000002,0.0
24,A3,899.49,222.55999999999997,13.71,0.0,0.0
24,A49,907.87,194.35600000000002,0.0,907.87,0.0
24,A33,980.05,196.01,0.0,0.0,980.05
24,A14,1960.04,529.8439999999999,426.47,382.33,0.0
24,A40,959.33,389.02799999999996,669.76,316.05,0.0
24,A41,330.32,66.064,0.0,0.0,0.0
24,A8,711.47,246.342,711.47,0.0,0.0
24,A25,732.68,329.554,626.35,0.0,288.74
24,A13,1692.08,499.34000000000003,0.0,804.62,0.0
24,A16,839.4,167.88,0.0,0.0,0.0
24,A20,217.2,43.44,0.0,217.2,0.0
24,A30,620.17,325.74,195.72,0.0,0.0
24,A46,842.19,304.682,418.25,220.8,262.97
24,A23,2281.24,896.4300000000001,0.0,909.93,372.31
24,A4,522.17,306.44000000000005,142.7,0.0,0.0
24,A2,758.43,277.10799999999995,0.0,0.0,627.11
24,A36,598.32,189.94,0.0,0.0,0.0
24,A31,160.35,32.07,0.0,0.0,0.0
24,A21,355.28,71.056,0.0,0.0,0.0
24,A5,443.89,204.964,128.16,495.82,105.9
24,A43,193.25,38.65,0.0,0.0,0.0
25,A15,767.2,258.618,0.0,1293.0900000000001,0.0
25,A40,959.33,560.694,669.76,316.05,0.0
25,A46,1545.7,613.822,418.25,220.8,262.97
25,A42,1742.72,348.544,0.0,0.0,0.0
25,A41,330.32,126.86599999999999,0.0,0.0,304.01
25,A14,1960.04,529.8439999999999,426.47,382.33,0.0
25,A3,1276.9,477.94,13.71,0.0,507.44
25,A16,839.4,167.88,0.0,0.0,0.0
25,A6,683.55,136.70999999999998,0.0,0.0,0.0
25,A35,641.07,179.328,0.0,0.0,641.07
25,A28,1067.22,401.664,145.5,0.0,915.79
25,A21,355.28,71.056,0.0,0.0,0.0
25,A1,966.52,567.148,152.51,663.04,359.35
25,A47,1788.19,466.518,544.4,0.0,1788.19
25,A44,1177.49,449.086,504.63,1310.3200000000002,0.0
25,A4,707.51,370.154,142.7,707.51,0.0
25,A32,381.69,76.338,0.0,0.0,381.69
25,A7,1074.8400000000001,366.93600000000004,0.0,0.0,647.97
25,A18,810.78,348.70000000000005,554.78,932.72,183.53
25,A5,443.89,204.964,128.16,495.82,105.9
25,A12,507.34,101.46799999999999,0.0,0.0,507.34
25,A34,877.84,178.538,0.0,892.69,0.0
25,A13,1692.08,499.34000000000003,0.0,804.62,0.0
25,A22,1602.51,843.3080000000001,287.39,1837.3600000000001,0.0
25,A23,2281.24,878.168,0.0,909.93,372.31
25,A43,362.56,111.162,362.56,0.0,0.0
25,A24,895.78,320.44,0.0,895.78,631.91
25,A25,661.71,315.36,626.35,0.0,950.45
25,A36,598.32,174.39800000000002,0.0,0.0,0.0
25,A10,2044.0700000000002,408.81399999999996,577.76,129.08,0.0
25,A11,504.17999999999995,102.49199999999999,0.0,0.0,0.0
25,A17,1506.67,573.014,0.0,0.0,846.92
25,A9,817.52,547.32,1684.88,183.27,0.0
25,A29,1144.55,625.3119999999999,0.0,596.66,942.92
25,A49,86.11,30.004,0.0,0.0,0.0
25,A19,815.2,163.04000000000002,0.0,0.0,0.0
25,A33,980.05,196.01,0.0,0.0,980.05
25,A48,510.68,205.582,0.0,0.0,517.23
25,A31,723.88,176.846,0.0,0.0,0.0
25,A27,832.59,355.584,0.0,1777.92,0.0
25,A45,62.03,12.406,0.0,62.03,0.0
25,A37,763.82,152.764,0.0,0.0,763.82
25,A2,758.43,392.64199999999994,0.0,0.0,627.11
25,A26,682.15,254.87,0.0,0.0,0.0
25,A8,711.47,246.342,711.47,0.0,0.0
25,A20,2422.9900000000002,528.038,0.0,217.2,0.0
25,A39,1226.19,589.188,0.0,1126.71,322.8
25,A30,620.17,354.778,195.72,0.0,0.0
25,A38,934.23,299.348,0.0,55.4,0.0
26,A19,815.2,163.04000000000002,0.0,0.0,0.0
26,A47,1788.19,357.63800000000003,0.0,0.0,1788.19
26,A38,934.23,440.36400000000003,0.0,55.4,0.0
26,A11,1032.35,208.126,0.0,0.0,0.0
26,A41,330.32,126.86599999999999,0.0,0.0,304.01
26,A23,800.69,421.92,0.0,0.0,0.0
26,A8,520.24,203.162,0.0,0.0,0.0
26,A21,355.28,71.056,0.0,0.0,0.0
26,A36,598.32,142.19600000000003,0.0,0.0,0.0
26,A30,620.17,354.778,195.72,0.0,0.0
26,A9,817.52,562.8539999999999,1527.1399999999999,0.0,0.0
26,A40,858.33,425.774,669.76,316.05,0.0
26,A10,2044.0700000000002,426.27799999999996,665.0799999999999,129.08,0.0
26,A37,763.82,152.764,0.0,0.0,763.82
26,A6,891.95,315.1,0.0,0.0,0.0
26,A35,641.07,128.214,0.0,0.0,641.07
26,A44,1177.49,422.52000000000004,504.63,1177.49,0.0
26,A1,700.5899999999999,498.092,773.75,663.04,359.35
26,A29,942.92,396.402,0.0,0.0,942.92
26,A33,980.05,389.416,89.59,0.0,1857.49
26,A26,682.15,203.632,0.0,0.0,0.0
26,A46,1545.7,622.572,418.25,0.0,262.97
26,A28,1067.22,401.664,145.5,0.0,915.79
26,A49,315.35,93.07400000000001,0.0,315.35,0.0
26,A27,832.59,474.15200000000004,0.0,1777.92,0.0
26,A4,707.51,288.856,0.0,707.51,0.0
26,A48,510.68,286.142,0.0,402.8,517.23
26,A25,661.71,257.612,626.35,0.0,661.71
26,A43,362.56,111.162,362.56,0.0,0.0
26,A3,1276.9,477.94,13.71,0.0,507.44
26,A24,706.42,141.284,0.0,0.0,631.91
26,A2,1391.0700000000002,519.17,638.95,0.0,627.11
26,A15,767.2,301.85,0.0,1293.0900000000001,216.16
26,A42,1742.72,348.544,0.0,0.0,0.0
26,A39,1155.6200000000001,343.95000000000005,0.0,832.82,322.8
26,A12,507.34,101.46799999999999,0.0,0.0,507.34
26,A17,1506.67,573.014,0.0,0.0,846.92
26,A34,877.84,175.568,0.0,877.84,0.0
26,A18,810.78,269.74199999999996,855.14,237.57,183.53
26,A14,382.33,199.702,0.0,691.66,0.0
26,A16,839.4,292.38,0.0,0.0,0.0
26,A5,716.41,263.626,0.0,495.82,105.9
26,A22,1336.92,522.806,287.39,850.32,0.0
26,A32,381.69,76.338,0.0,0.0,381.69
26,A7,759.84,151.96800000000002,0.0,0.0,0.0
26,A20,2422.9900000000002,528.038,0.0,217.2,0.0
26,A31,723.88,276.924,0.0,660.74,0.0
26,A13,804.62,160.924,0.0,804.62,0.0
27,A20,2422.9900000000002,528.038,0.0,217.2,0.0
27,A47,1788.19,547.74,0.0,0.0,1788.19
27,A8,520.24,203.162,0.0,0.0,0.0
27,A28,1067.22,401.664,145.5,0.0,915.79
27,A10,2044.0700000000002,469.13199999999995,665.0799999999999,129.08,0.0
27,A5,921.92,359.23199999999997,0.0,51.93,105.9
27,A32,1663.1,408.958,911.33,0.0,381.69
27,A36,757.76,293.74800000000005,0.0,0.0,757.76
27,A2,1391.0700000000002,714.6099999999999,638.95,0.0,627.11
27,A49,315.35,93.07400000000001,0.0,315.35,0.0
27,A16,839.4,372.962,402.91,0.0,0.0
27,A3,1276.9,406.04600000000005,13.71,0.0,507.44
27,A39,1155.6200000000001,343.95000000000005,0.0,832.82,322.8
27,A42,1742.72,410.28,0.0,0.0,0.0
27,A35,825.15,293.244,0.0,0.0,641.07
27,A43,581.54,188.82,362.56,0.0,0.0
27,A41,913.75,309.616,0.0,0.0,304.01
27,A21,959.99,263.05400000000003,0.0,22.89,0.0
27,A9,772.53,427.622,850.98,0.0,0.0
27,A15,1004.79,397.63,0.0,1170.89,216.16
27,A34,1162.04,407.976,888.58,877.84,0.0
27,A31,723.88,421.03999999999996,0.0,660.74,406.26
27,A45,1058.53,211.70600000000002,0.0,0.0,0.0
27,A22,1336.92,522.806,287.39,850.32,0.0
27,A27,832.59,442.42999999999995,0.0,1619.31,0.0
27,A30,1030.22,560.822,195.72,0.0,0.0
27,A4,707.51,288.856,0.0,707.51,0.0
27,A7,566.92,113.38399999999999,0.0,0.0,566.92
27,A6,891.95,450.84200000000004,0.0,0.0,0.0
27,A11,1032.35,208.126,0.0,0.0,0.0
27,A25,661.71,250.9,0.0,0.0,661.71
27,A18,939.42,457.6259999999999,855.14,841.49,183.53
27,A19,201.63,40.326,0.0,0.0,0.0
27,A17,1926.75,883.7939999999999,0.0,969.1,846.92
27,A29,966.17,545.298,0.0,0.0,942.92
27,A23,800.69,287.472,0.0,0.0,0.0
27,A13,804.62,300.146,0.0,1500.73,0.0
27,A24,706.42,232.116,0.0,0.0,969.39
27,A26,682.15,265.208,0.0,307.88,0.0
27,A37,763.82,152.764,0.0,0.0,763.82
27,A40,858.33,291.822,0.0,316.05,0.0
27,A48,510.68,211.916,0.0,402.8,146.1
27,A33,980.05,560.3340000000001,89.59,854.59,1857.49
27,A1,700.5899999999999,428.292,773.75,663.04,37.55
27,A46,1545.7,622.572,418.25,0.0,262.97
27,A38,934.23,600.2900000000001,0.0,55.4,0.0
27,A12,925.9,286.648,0.0,0.0,507.34
27,A14,1469.94,432.32000000000005,0.0,691.66,950.86
27,A44,903.72,367.76599999999996,504.63,0.0,0.0
28,A37,763.82,152.764,0.0,0.0,763.82
28,A3,1276.9,431.774,13.71,0.0,835.6800000000001
28,A23,800.69,287.472,0.0,0.0,0.0
28,A21,959.99,191.99800000000002,0.0,22.89,0.0
28,A49,315.35,151.102,0.0,315.35,0.0
28,A44,1505.81,568.0020000000001,0.0,0.0,0.0
28,A6,891.95,624.8340000000001,0.0,0.0,129.53
28,A40,926.54,477.13000000000005,0.0,316.05,444.0
28,A4,707.51,375.038,0.0,707.51,0.0
28,A47,1788.19,887.3599999999999,85.97,0.0,1788.19
28,A1,621.24,389.26599999999996,773.75,0.0,0.0
28,A7,1000.44,313.472,0.0,0.0,566.92
28,A35,825.15,374.944,0.0,0.0,641.07
28,A15,1004.79,427.502,0.0,1170.89,216.16
28,A8,1308.21,360.75600000000003,0.0,519.6,788.61
28,A20,2422.9900000000002,528.038,0.0,217.2,0.0
28,A42,1832.48,776.776,0.0,882.74,0.0
28,A32,1663.1,458.408,911.33,0.0,381.69
28,A13,866.5,473.446,866.5,1500.73,0.0
28,A45,1058.53,400.44,0.0,0.0,0.0
28,A5,921.92,492.09999999999997,0.0,51.93,770.24
28,A16,839.4,464.078,858.49,0.0,0.0
28,A39,1360.7,503.26400000000007,0.0,1320.93,322.8
28,A29,1276.4,611.9939999999999,0.0,0.0,0.0
28,A46,1545.7,822.702,0.0,878.49,262.97
28,A48,402.8,171.19,307.05,402.8,146.1
28,A31,723.88,421.03999999999996,0.0,660.74,406.26
28,A2,1391.0700000000002,589.188,638.95,0.0,0.0
28,A25,2564.32,763.764,0.0,825.71,661.71
28,A27,832.59,442.42999999999995,0.0,1619.31,0.0
28,A30,1030.22,484.15200000000004,0.0,0.0,236.82
28,A41,913.75,243.552,0.0,0.0,304.01
28,A43,581.54,301.172,362.56,0.0,0.0
28,A22,1744.59,673.78,287.39,850.32,0.0
28,A33,967.0300000000001,388.076,89.59,854.59,877.44
28,A36,955.86,365.256,0.0,0.0,757.76
28,A26,682.15,265.208,0.0,307.88,0.0
28,A11,1032.35,327.95799999999997,0.0,0.0,0.0
28,A9,1253.1100000000001,678.244,1142.74,0.0,0.0
28,A34,1162.04,407.976,888.58,877.84,0.0
28,A19,507.86,141.898,507.86,0.0,0.0
28,A14,1500.5700000000002,655.9680000000001,641.96,309.33,950.86
28,A12,987.85,484.218,0.0,0.0,1495.19
28,A18,939.42,410.11199999999997,855.14,603.92,183.53
28,A17,2242.8,1332.3539999999998,0.0,969.1,2310.74
28,A10,2046.56,878.4439999999998,665.0799999999999,129.08,350.59
28,A24,820.79,254.99,0.0,820.79,337.48
28,A38,799.63,490.00600000000003,0.0,55.4,0.0
28,A28,1067.22,401.664,145.5,0.0,915.79
29,A20,2422.9900000000002,501.966,0.0,0.0,86.84
29,A37,763.82,298.466,0.0,0.0,763.82
29,A42,2016.4699999999998,1180.07,0.0,1237.5,616.73
29,A17,2242.8,1156.5439999999999,0.0,1596.72,1463.82
29,A34,1162.04,407.976,888.58,877.84,0.0
29,A3,1276.9,567.5619999999999,0.0,0.0,835.6800000000001
29,A12,996.01,683.42,0.0,0.0,2094.46
29,A16,622.5,296.198,858.49,0.0,0.0
29,A14,1500.5700000000002,894.5500000000001,901.98,309.33,1263.43
29,A2,1391.0700000000002,803.406,638.95,0.0,0.0
29,A5,921.92,460.53399999999993,0.0,0.0,664.34
29,A41,913.75,243.552,0.0,0.0,304.01
29,A19,507.86,141.898,507.86,0.0,0.0
29,A39,1360.7,312.476,0.0,488.11,201.68
29,A46,1545.7,770.108,0.0,878.49,0.0
29,A48,790.07,299.98400000000004,307.05,402.8,790.07
29,A25,2564.32,763.764,0.0,825.71,661.71
29,A1,621.24,462.784,621.24,520.1,0.0
29,A36,955.86,555.4839999999999,0.0,0.0,757.76
29,A30,1030.22,371.786,0.0,0.0,236.82
29,A26,1583.0900000000001,445.396,347.18,307.88,0.0
29,A11,1032.35,491.378,0.0,0.0,0.0
29,A24,913.41,437.672,0.0,820.79,337.48
29,A7,1448.22,603.116,0.0,0.0,1341.12
29,A10,2046.56,651.26,995.47,0.0,350.59
29,A33,967.0300000000001,561.8900000000001,89.59,854.59,877.44
29,A4,707.51,270.60400000000004,0.0,707.51,0.0
29,A44,1505.81,768.7940000000001,905.31,0.0,0.0
29,A23,812.73,289.88,0.0,0.0,0.0
29,A22,1744.59,685.03,871.15,0.0,0.0
29,A8,1308.21,428.37800000000004,0.0,519.6,788.61
29,A21,959.99,191.99800000000002,0.0,22.89,0.0
29,A18,939.42,247.956,300.36,603.92,0.0
29,A27,832.59,285.086,0.0,832.59,0.0
29,A13,866.5,312.52200000000005,866.5,696.11,0.0
29,A9,1253.1100000000001,575.324,1142.74,0.0,0.0
29,A43,1566.56,614.484,362.56,0.0,276.57
29,A38,799.63,516.412,0.0,0.0,0.0
29,A6,891.95,488.1240000000001,0.0,0.0,129.53
29,A28,941.1,188.22,0.0,0.0,0.0
29,A29,1276.4,591.216,0.0,0.0,0.0
29,A49,315.35,138.32,0.0,315.35,0.0
29,A35,828.57,540.658,0.0,828.57,641.07
29,A31,1689.79,758.9979999999999,0.0,1476.97,406.26
29,A47,1788.19,1058.344,85.97,0.0,1788.19
29,A15,2532.12,933.926,0.0,1170.89,216.16
29,A40,940.97,602.114,0.0,0.0,1384.97
29,A45,1058.53,472.308,0.0,0.0,0.0
29,A32,1663.1,578.476,1511.67,0.0,381.69
