AccountId,AA,BB,CC,DD,EE,FF,GG
A9,423.6,803.4533333333334,449.385,767.7750000000001,556.3325,0.0,697.35
A4,153.24,119.2,709.9533333333333,445.69999999999993,633.25,0.0,374.78
A5,409.45000000000005,355.4825,478.1228571428571,616.65,594.0799999999999,0.0,886.19
A2,638.95,523.636,560.4449999999999,634.6075000000001,611.72,0.0,209.25
A1,557.4633333333334,718.796,479.1725,378.0366666666667,0.0,0.0,445.1566666666666
A6,0.0,369.7866666666667,429.71,356.71333333333337,471.6075,0.0,604.0800000000002
A8,654.875,380.66,522.3133333333334,339.16,197.20999999999998,0.0,487.64166666666665
A3,395.43,554.47,629.35,425.658,507.94,0.0,899.49
A7,636.89,473.81000000000006,83.29,645.56,562.9028571428572,0.0,390.1425
A11,659.89,393.42,15.86,412.69,706.375,0.0,359.54499999999996
A10,566.3833333333333,597.4514285714286,255.08,0.0,679.7049999999999,0.0,351.23249999999996
A15,273.84999999999997,480.24249999999995,549.3774999999999,532.2114285714285,3.4,0.0,149.36
A12,777.93,0.0,261.58,586.4633333333333,499.1700000000001,0.0,827.76
A16,429.245,615.21,488.76000000000005,487.3,820.45,0.0,492.74
A19,349.3,357.72499999999997,694.6800000000001,497.1625,532.33,0.0,612.81
A17,701.4,533.15,715.89,957.65,386.29749999999996,0.0,668.8266666666667
A13,602.715,150.04,761.6333333333333,552.565,431.51,0.0,495.442
A18,515.05,467.05199999999996,603.5799999999999,429.6133333333334,449.88,0.0,636.884
A14,539.16,471.6550000000001,395.60749999999996,733.77,719.5033333333332,0.0,676.5733333333334
A22,421.9175,678.9566666666667,851.0325,645.1833333333333,0.0,0.0,728.9825
A26,327.02750000000003,237.01333333333332,181.0,331.1542857142857,481.3233333333333,0.0,290.0225
A21,935.71,634.89,529.3625,685.215,228.62,0.0,633.175
A27,124.91499999999999,517.09,512.0980000000001,592.84,184.7,0.0,338.11
A23,672.0600000000001,423.52666666666664,909.93,503.58666666666676,517.0799999999999,0.0,864.0666666666666
A20,554.78,659.85,257.04499999999996,654.36,0.0,0.0,770.3966666666666
A28,338.755,785.0066666666667,344.05999999999995,376.06250000000006,0.0,0.0,807.54
A24,168.39,913.41,858.285,116.68,298.56,0.0,494.9425
A29,983.69,420.57199999999995,317.95,499.87999999999994,533.39,0.0,699.2175
A25,459.055,775.1775,825.71,0.0,183.55999999999997,0.0,442.095
A33,432.195,313.24,665.24,427.9525,265.005,0.0,278.28000000000003
A32,656.64,415.755,222.95333333333335,392.165,454.49799999999993,0.0,542.7033333333334
A37,773.09,812.64,607.875,864.68,396.22,0.0,594.915
A38,448.38,486.5366666666667,316.2466666666666,413.185,402.3216666666667,0.0,409.2933333333333
A31,554.39,655.4033333333333,589.745,465.96285714285716,833.565,0.0,507.20666666666665
A34,714.8133333333334,372.315,484.77,73.1,567.0,0.0,514.1700000000001
A39,669.6133333333333,528.795,609.0260000000001,51.55,0.0,0.0,410.77333333333337
A30,195.72,616.4875000000001,252.14,366.735,733.04,0.0,566.49
A35,770.215,630.3000000000001,746.35,426.912,558.298,0.0,453.2175
A36,0.0,375.83,690.6175000000001,251.4025,478.0642857142857,0.0,598.32
A47,404.2625,373.055,74.96,796.9,743.9025,0.0,588.1
A46,430.19,499.355,325.6175,679.05,656.59,0.0,387.26666666666665
A41,533.87,507.93,120.49,527.0666666666667,777.29,0.0,628.975
A49,0.0,292.96000000000004,521.37,467.505,0.0,0.0,423.60749999999996
A45,67.43,858.61,364.68666666666667,330.01399999999995,365.7483333333333,0.0,444.916
A40,827.6879999999999,0.0,565.5833333333334,796.7133333333333,370.51750000000004,0.0,430.52
A42,499.92999999999995,436.5,736.2133333333335,590.86875,401.96000000000004,0.0,350.65
A43,614.72,455.884,718.95,602.53,189.56,0.0,520.1199999999999
A44,620.8019999999999,852.46,415.19800000000004,264.565,363.69499999999994,0.0,505.01599999999996
A48,432.6033333333333,0.0,402.8,622.4466666666666,66.05,0.0,486.37